DR3 505171240162594560

BP, zero derivative:
====================
estimLinePos=
-4.267470 60.397974  2.138676 56.683008  3.821615 55.978256 45.447909 44.974094 15.984259 16.239673 17.207323
estimLineErr=
1.95558797 0.13692244 0.36537984 0.14276790 0.25423993 0.29315324 0.34105564 0.30651641 0.13898982 0.19073168 0.08438304
SNonSecondDerivative=
0.3601254 6.806308 -4.509272 -2.114725 3.158202 2.441621 -1.352348 1.658055 -3.209035 2.376355 -5.201338
estimSignif=
0.06278744    1 0.9999616 0.8931181 0.9931747 0.9492456 0.5992521 0.7470524 0.9941945 0.9406041 0.9999987
lineWidths=
5.346898 3.051306 2.461219 2.159159 2.163744 1.50386 2.803712 1.581312 2.024607 0.6709013 1.260185
lineWidthsError=
0.4969413 0.02058693 0.02060016 0.02471906 0.4409373 0.07822173 0.2078016 0.04403581 0.01529413 0.0262281 0.01626286
secondDerivativeAtRoots=
0.03783941 2.091251 -7.257116 -1.431047 5.701645 1.177373 -3.988382 4.635089 -47.79907 35.23898 -77.69079
ErrorOnSecondDerivativeAtRoots=
0.1050729 0.3072519 1.609376 0.6767059 1.805345 0.4822094 2.949228 2.795498 14.89516 14.82901 14.93669
kind=
"minimum" "minimum" "maximum" "maximum" "minimum" "minimum" "maximum" "minimum" "maximum" "minimum" "maximum"

RP, zero derivative:
====================
estimLinePos=
251.1055 -4.649317 16.03415 17.817 26.43577 26.84844 31.89399 31.42507 28.78368
estimLineErr=
NaN 6.415043 0.03743124 0.07426948 0.3728559 0.3719396 0.7329989 0.8768817 0.1790676
SNonSecondDerivative=
NaN 0.09980654 -13.2089 6.398023 -1.303062 1.282172 -0.6539834 0.5680443 -2.706507
estimSignif=
NaN 0.004968289    1    1 0.572151 0.5604405 0.1925282 0.1489949 0.9743341
lineWidths=
192.0012 6.700071 1.819757 1.719689 1.336267 1.233586 2.744004 2.090947 1.702787
lineWidthsError=
NaN 2.021141 0.01848108 0.04451265 0.03807114 0.03499129 0.2864659 0.1932513 0.1331841
secondDerivativeAtRoots=
0 0.001764151 -93.65646 42.00129 -7.205321 7.137319 -3.438726 2.914637 -14.53393
ErrorOnSecondDerivativeAtRoots=
0 0.01767571 7.090408 6.564729 5.529531 5.566586 5.258124 5.131002 5.369994
kind=
"minimum" "minimum" "maximum" "minimum" "maximum" "minimum" "maximum" "minimum" "maximum"

BP, second derivative:
======================
estimLinePos=
-5.4582873 62.5725492 -0.6776125 59.6638148  1.8276495 57.4319832  3.8104770 55.6731154  5.2276424 54.3845021 6.1164165 53.1986057  7.1039342 52.3441929  8.3178609 50.9159719  9.3827927 49.5564988 10.7392059 48.5742640 11.5980516 13.2495340 45.8421456 14.9477839 44.3890963 16.4034377 43.0071458 17.3600270 18.4072012 19.4185784 20.4243364 21.2573757 38.1568490 22.1493887 37.1105429 23.1162599 35.9353616 24.4664784 34.4921121 26.1276414 33.2055566 27.3159329 31.7433472 28.4638737 29.9265393
estimLineErr=
1.68468486 0.09731502 0.32040494 0.09968502 0.27312708 0.12787346 0.31819886 0.20613729 0.44054432 0.324872570.38534183 0.45909518 0.32609906 0.37608277 0.18861482 0.25609046 0.11189760 0.35667410 0.06778247 0.429427130.04116007 0.01542105 0.24953526 0.01745580 0.12160487 0.03869162 0.19314558 0.06426307 0.08469162 0.109904280.15091292 0.17295165 0.39041498 0.14615186 0.34031589 0.10341676 0.13642353 0.09343540 0.06413741 0.129322260.05656067 0.10163467 0.07681676 0.07282717 0.07326057
SNonSecondDerivative=
0.4199727 5.415876 -3.404432 -5.619224 3.97237 5.41767 -2.755497 -3.527674 1.208415 1.861511 -0.8298611 -1.0311761.527738 1.023688 -2.621566 -1.527122 4.25269 1.216111 -6.485431 -0.9271818 9.920311 -25.17531 1.795891 22.54206
-2.799188 -10.28722 2.285006 6.076484 -4.534586 3.465107 -2.508707 2.195292 -0.974919 -2.550831 1.151686 3.587568-2.761069 -4.02836 5.933745 2.864254 -6.725157 -3.674399 4.654984 5.149878 -4.723731
estimSignif=
0.08441176 0.9999996 0.9969575 0.9999999 0.9996255 0.9999996 0.9775482 0.9980152 0.5181555 0.823178 0.29130830.4123727 0.688698 0.4078344 0.9678166 0.6884052 0.9998817 0.5226299     1 0.3493823     1     1 0.8006339     10.9801138     1 0.9265115     1 0.9999657 0.9975299 0.9570108 0.9101536 0.3782601 0.9613562 0.4847952 0.99839610.9778906 0.9997006     1 0.98346     1 0.9988298 0.9999803 0.9999983 0.9999857
lineWidths=
4.390632 2.841185 2.497534 2.237034 2.008804 1.853383 1.619222 1.5072 1.196587 1.248878 0.9964522 1.06001 1.133641.199038 1.128642 1.305224 1.229264 1.165764 1.073999 1.09816 1.379272 1.527153 1.254162 1.457067 1.2978291.237672 1.246209 1.018969 1.029952 1.003197 0.9391016 0.8866688 1.30688 0.9465572 1.202633 1.130456 1.306511.425396 1.274944 1.546164 1.303924 1.167452 1.71817 1.250766 1.615558
lineWidthsError=
0.4045488 0.009011151 0.02490049 0.009413061 0.009460978 0.01548132 0.01694249 0.02703957 0.06168892 0.047041140.09865821 0.08255181 0.03970509 0.0516747 0.02933184 0.03295911 0.01726809 0.0513437 0.01215409 0.077577370.008915037 0.006050454 0.05953868 0.005522916 0.02991706 0.006802428 0.05453185 0.01039027 0.01153011 0.01552320.02259239 0.02805582 0.09950306 0.02237344 0.08632507 0.01436262 0.04986783 0.04656785 0.01670607 0.060170090.01573098 0.02130001 0.06821843 0.01647749 0.06593742
secondDerivativeAtRoots=
0.01830416 0.6601368 -4.724811 -4.223129 14.81786 7.632512 -16.68514 -6.907629 11.18357 5.603636 -10.83551-4.891345 19.0753 6.587457 -41.31449 -13.18332 85.17199 12.45383 -182.0078 -11.42055 359.2112 -1444.322 26.596291848.387 -53.50885 -969.5303 40.8498 593.0833 -440.9421 325.7647 -224.0125 185.6715 -28.78346 -205.1886 38.12179271.4904 -109.6952 -283.2234 282.365 197.8689 -367.1573 -253.7986 297.3619 353.6517 -331.3274
ErrorOnSecondDerivativeAtRoots=
0.04358417 0.1218892 1.387841 0.7515503 3.730231 1.408818 6.05522 1.958126 9.254744 3.010262 13.05701 4.74346112.48598 6.435022 15.75947 8.632787 20.02779 10.2407 28.0641 12.31749 36.20967 57.37058 14.80952 81.99724 19.1158594.24607 17.87733 97.60303 97.23977 94.01291 89.294 84.57712 29.52395 80.43993 33.10085 75.67532 39.72925 70.3073847.58631 69.08216 54.59461 69.07213 63.88032 68.67185 70.14104
kind=
"minimum" "minimum" "maximum" "maximum" "minimum" "minimum" "maximum" "maximum" "minimum" "minimum" "maximum""maximum" "minimum" "minimum" "maximum" "maximum" "minimum" "minimum" "maximum" "maximum" "minimum" "maximum""minimum" "minimum" "maximum" "maximum" "minimum" "minimum" "maximum" "minimum" "maximum" "minimum" "maximum""maximum" "minimum" "minimum" "maximum" "maximum" "minimum" "minimum" "maximum" "maximum" "minimum" "minimum""maximum"

RP, second derivative:
======================
estimLinePos=
251.1889 -5.674872 60.53462 0.2899848 57.81587 2.715712 4.671753 55.25236 6.050235 53.26551 8.079459 8.66924150.8736 50.29853 10.79128 48.642 12.82717 14.39845 45.5654 44.47462 15.86613 42.98916 17.484 41.89099 18.9240340.42467 19.96932 39.22774 21.07178 38.50845 22.28638 37.20444 23.57712 35.87074 24.78721 34.63676 25.9926332.75469 27.25727 28.57932 31.0643
estimLineErr=
NaN 5.738852 0.3396411 0.1469148 0.1991057 0.1193018 0.1753845 0.6296141 0.15368 0.4333058 0.2971829 0.26002160.6340941 0.6672832 0.05770591 0.3824487 0.04152237 0.04643416 0.5787437 0.4193301 0.05223215 0.3249576 0.07753080.2899232 0.1653516 0.2390349 0.23931 0.3355419 0.2201354 0.2883667 0.1790762 0.1510693 0.1589087 0.16299950.1592075 0.2852946 0.1563776 0.7573905 0.1452823 0.1815765 0.6033414
SNonSecondDerivative=
NaN 0.1137775 -6.440466 -2.408386 2.356593 2.184001 -2.27639 -1.083867 2.386711 1.159753 -1.499527 1.577063-0.7350954 0.647173 -6.621591 -1.142597 9.39304 -8.866947 0.7430771 -0.9956976 7.958279 1.252469 -5.135474-1.458675 2.309421 1.601585 -1.558368 -1.124961 1.697596 1.313978 -2.265978 -2.602051 2.332327 2.421057 -2.215132-1.266428 2.497923 0.4690986 -2.611951 2.061123 -0.6002363
estimSignif=
NaN 0.006451759    1 0.9449857 0.9377604 0.9079045 0.9250531 0.4442204 0.9420512 0.4895758 0.675117 0.71164540.2367599 0.1889426     1 0.4793949     1     1 0.2412491 0.3908598     1 0.5435786 0.9999981 0.6548813 0.93051970.7226675 0.703069 0.4688806 0.7632892 0.578219 0.9232597 0.9661337 0.9341169 0.9466435 0.9139997 0.5515330.9558345 0.1041898 0.9669966 0.8804611 0.1648482
lineWidths=
189.5775 5.45286 2.733196 2.498258 2.332349 2.013575 1.632398 2.544603 1.657421 2.03904 1.319138 1.65101 1.4192411.21446 1.918103 1.510256 1.674919 1.49146 1.276763 1.289629 1.480184 1.265303 1.483765 1.291037 1.3101 1.2725581.125788 0.999341 1.178812 1.074697 1.236936 1.237028 1.237851 1.222439 1.216719 1.220083 1.235054 2.2348781.25565 1.244699 1.140554
lineWidthsError=
NaN 1.739365 0.03365359 0.06332944 0.1084027 0.03292196 0.01243548 0.3170982 0.02968415 0.3159879 0.018701840.04934116 0.04524044 0.05987185 0.04127214 0.1379651 0.02132452 0.01337346 0.1833086 0.0765011 0.016628290.05657376 0.03132651 0.04769001 0.04001103 0.04947807 0.03605841 0.05259345 0.03920317 0.04212164 0.034947020.03049394 0.03597566 0.03350644 0.03650702 0.1203451 0.03188239 0.2690374 0.03698752 0.0557113 0.1085756
secondDerivativeAtRoots=
0 0.001067035 -0.8962716 -2.606891 2.395048 8.095241 -12.2747 -2.053494 17.53559 4.494909 -15.43766 19.48984-4.711697 4.804427 -141.4361 -11.18082 305.686 -343.5725 11.4994 -17.65473 328.9454 25.68793 -209.0637 -31.5013389.64313 39.68948 -58.67192 -29.74838 61.80543 35.72167 -76.93394 -72.5522 83.49557 70.04448 -81.85764 -40.1114786.57953 15.61297 -91.23235 70.73995 -20.27239
ErrorOnSecondDerivativeAtRoots=
0 0.009378258 0.1391625 1.082423 1.016318 3.706611 5.392179 1.8946 7.347178 3.875747 10.29502 12.35831 6.409647.423714 21.35984 9.785444 32.54388 38.74755 15.47538 17.73102 41.33374 20.50984 40.70973 21.59585 38.8162824.78137 37.64959 26.44393 36.40762 27.1859 33.95176 27.8827 35.79926 28.93136 36.95384 31.67292 34.6606 33.2829234.92881 34.32107 33.77402
kind=
"minimum" "minimum" "maximum" "maximum" "minimum" "minimum" "maximum" "maximum" "minimum" "minimum" "maximum""minimum" "maximum" "minimum" "maximum" "maximum" "minimum" "maximum" "minimum" "maximum" "minimum" "minimum""maximum" "maximum" "minimum" "minimum" "maximum" "maximum" "minimum" "minimum" "maximum" "maximum" "minimum""minimum" "maximum" "maximum" "minimum" "minimum" "maximum" "minimum" "maximum"

